# ID x y z r
0,1.088592E+01,1.855667E+01,4.678461E+01,1.325865E+00
1,1.280206E+01,2.052269E+01,5.267352E+01,9.779671E-01
2,8.142480E+00,9.835454E-01,7.550316E-01,1.112742E+00
3,4.531084E+00,2.181337E+01,4.588699E+01,1.474721E+00
4,1.272573E+01,1.725037E+00,2.361335E+00,1.356844E+00
5,1.209622E+01,8.080541E+00,2.956164E+01,7.191790E-01
6,1.301225E+01,1.060769E+01,3.527723E+01,1.105651E+00
7,5.309554E+00,2.034911E+01,2.795782E+01,8.647229E-01
8,3.145937E+00,7.186769E+00,1.367173E+01,8.740616E-01
9,7.050455E+00,1.862714E+01,5.029194E+01,9.802483E-01
10,9.193021E+00,2.069342E+01,8.949544E+00,9.236432E-01
11,4.954370E+00,1.096084E+01,3.636377E+01,1.237310E+00
12,3.919018E+00,8.034058E+00,1.885467E+01,1.059979E+00
13,1.073226E+01,1.530009E+01,3.988118E+00,9.190445E-01
14,1.036351E+00,9.835214E+00,4.061326E+01,9.875516E-01
15,9.121447E+00,1.875411E+01,4.064606E+01,9.635658E-01
16,3.803269E+00,1.452305E+01,2.878630E+01,1.248350E+00
17,9.796256E+00,2.534704E+01,1.472764E+01,8.544037E-01
18,1.050683E+01,1.748230E+01,3.074045E+01,9.591453E-01
19,1.026310E+01,2.500697E+01,1.943876E+00,7.392215E-01
20,1.952279E+00,2.003369E+01,4.439186E+00,5.059816E-01
21,6.835935E+00,5.824007E+00,1.453192E+01,1.034873E+00
22,9.295709E+00,7.997921E-01,4.626763E+01,1.084720E+00
23,5.887017E+00,1.330816E+01,2.861122E+01,7.579172E-01
24,8.550080E+00,9.135086E+00,5.356578E+00,1.484250E+00
25,4.216853E+00,4.454004E+00,2.946340E+01,6.465504E-01
26,4.212213E+00,2.537874E+01,5.116368E+01,9.036067E-01
27,8.213419E+00,1.635721E+01,5.220441E+01,8.578375E-01
28,1.175185E+01,2.026634E+01,1.661373E+01,1.259177E+00
29,4.841477E+00,5.331460E+00,2.580864E+01,1.241482E+00
30,1.311719E+01,2.416244E+01,6.270040E+00,9.258933E-01
31,3.336394E-01,2.380448E+01,2.845876E+01,9.731790E-01
32,2.651467E+00,1.784475E+01,3.413033E+01,7.336850E-01
33,1.616995E+00,6.876686E+00,3.182873E+00,5.748916E-01
34,2.779552E+00,3.504714E+00,1.023747E+01,8.276159E-01
35,9.078848E+00,1.311225E+00,5.396160E+00,9.261829E-01
36,1.777098E+00,8.385023E+00,1.582751E+01,1.176989E+00
37,3.378259E+00,1.988136E+01,5.287429E+01,1.169682E+00
38,7.072410E+00,2.501148E+01,2.101202E+01,8.203688E-01
39,1.412983E+00,1.082822E+01,1.568857E+01,8.360819E-01
40,6.535057E+00,1.740477E+01,2.442600E+01,7.078312E-01
41,1.238598E+01,2.343700E+01,3.719010E+01,6.515249E-01
42,6.485760E+00,3.488333E+00,2.103340E+01,6.112098E-01
43,9.329630E+00,7.546481E+00,5.509189E+00,1.382276E+00
44,1.202490E+01,1.878242E+01,3.259676E+01,7.982788E-01
45,1.049646E+01,2.213586E+01,2.561320E+01,8.111314E-01
46,1.167113E+01,2.427550E+01,1.438652E+01,6.762956E-01
47,8.046793E+00,1.394896E+01,2.849985E+01,1.063877E+00
48,1.241912E+01,8.084303E+00,5.210139E+01,6.239390E-01
49,1.194851E+01,1.215135E+01,4.330789E+01,8.529593E-01
50,1.018584E+01,1.795711E+01,1.694449E+01,7.324286E-01
51,2.601946E+00,1.778845E+01,4.465992E+01,9.750788E-01
52,2.152643E-01,1.702755E+01,2.346299E+01,7.980734E-01
53,1.189496E+01,8.515664E+00,2.512186E+01,6.872740E-01
54,6.817967E+00,3.720176E+00,3.776835E+01,8.888201E-01
55,1.099946E+01,1.533989E+00,1.543750E+01,9.841349E-01
56,5.038927E-01,2.533840E+01,3.534597E+01,9.078021E-01
57,1.277060E+01,1.407903E+01,4.249282E+01,9.568802E-01
58,4.959024E+00,9.372497E+00,2.004027E+01,7.763773E-01
59,8.713227E+00,9.521742E+00,4.770061E+01,8.248818E-01
60,1.302324E+01,8.059838E-01,1.025798E+01,7.697981E-01
61,1.486724E+00,1.122203E+00,1.206550E+01,8.254689E-01
62,5.917671E+00,2.217147E+01,1.175202E+01,7.460071E-01
63,6.542187E+00,2.462516E+01,3.534840E+01,6.084865E-01
64,1.057037E+01,1.459557E+01,5.194418E+01,9.305492E-01
65,7.796689E+00,1.205557E+00,1.048894E+01,8.177271E-01
66,5.361130E+00,1.592754E+01,4.089616E+01,6.216736E-01
67,5.471227E+00,1.880910E+01,4.184653E+01,9.917295E-01
68,4.202035E+00,2.594040E+01,3.441818E+01,7.304974E-01
69,1.166861E+01,1.472652E+01,3.928942E+01,9.048551E-01
70,1.020567E+01,2.405907E+01,7.965386E+00,1.052449E+00
71,7.394330E+00,1.134754E+01,4.890808E+01,9.205444E-01
72,1.391954E+00,2.602791E+01,4.638057E+01,1.153359E+00
73,9.778114E-01,1.300546E+01,3.801562E+01,6.790129E-01
74,9.776641E+00,2.401260E+01,4.237611E+01,9.784439E-01
75,4.118199E+00,1.320330E+01,3.717994E+01,7.676797E-01
76,1.833563E+00,5.138723E+00,2.548517E+01,7.364716E-01
77,3.950194E+00,2.284878E+01,3.106041E+01,7.860473E-01
78,4.617987E+00,2.248518E+01,4.264169E+01,8.343580E-01
79,1.322297E+01,2.244478E+01,2.195751E+01,9.057075E-01
80,1.688692E+00,2.226818E+01,3.165917E+00,6.896525E-01
81,4.639258E+00,2.436342E+01,5.090049E+01,1.093564E+00
82,8.484125E+00,1.824196E+01,2.249198E+00,9.923671E-01
83,6.814169E+00,1.448628E+01,1.801821E+01,6.348448E-01
84,9.085487E-01,6.063653E+00,1.896565E+01,1.246727E+00
85,5.763352E+00,1.565337E+01,3.827161E+01,1.365449E+00
86,4.206958E+00,8.713828E+00,1.043244E+00,1.163538E+00
87,5.413777E-01,6.829573E+00,3.921747E+01,8.592281E-01
88,8.321866E+00,2.039134E+01,4.073662E+01,7.043335E-01
89,1.134503E+01,1.908091E+01,5.186706E+01,1.131702E+00
90,1.190473E+01,1.554186E+01,3.116003E+01,8.174724E-01
91,4.538588E-01,2.645049E+01,6.970770E+00,1.174930E+00
92,9.805722E+00,2.174830E+01,1.976407E+01,9.369770E-01
93,2.607258E+00,2.616102E+00,3.966043E+01,1.112221E+00
94,5.995288E+00,1.890604E+01,4.849742E+01,9.684573E-01
95,1.941467E+00,2.434840E+01,2.180758E+01,1.047174E+00
96,4.043189E+00,2.498127E+01,5.248378E+01,8.965253E-01
97,2.634280E+00,1.739933E+01,5.642020E+00,1.332336E+00
98,8.621200E+00,2.191513E+01,3.626408E+01,9.201191E-01
99,5.527478E+00,1.014724E+01,2.082725E+01,9.783670E-01
100,7.810592E+00,2.335230E+01,4.922104E+01,1.361574E+00
101,7.089870E-01,4.811090E+00,5.945537E+00,6.621153E-01
102,2.560671E+00,9.181475E+00,2.683556E+01,6.736313E-01
103,8.337063E+00,1.939410E+01,4.715726E+01,1.110425E+00
104,1.310024E+01,1.755875E+01,4.478660E+01,6.884265E-01
105,1.030494E+01,8.146377E+00,4.639334E+01,1.380071E+00
106,5.663875E-01,9.730760E-03,1.450209E+01,8.155699E-01
107,6.120371E+00,1.690993E+01,5.391691E+00,7.570231E-01
108,8.913858E+00,2.123972E+01,9.817701E+00,1.373717E+00
109,5.498235E+00,1.377415E+01,2.393630E+01,1.244577E+00
110,1.059356E+01,2.544378E+01,4.232777E+01,1.356845E+00
111,1.032996E+00,2.132236E+01,3.528210E+00,1.094838E+00
112,3.125371E+00,4.055464E+00,1.046437E+01,7.380463E-01
113,6.997408E+00,1.779274E+01,2.491717E+01,1.369776E+00
114,1.271094E+01,6.365229E+00,4.043044E+01,8.425056E-01
115,1.152535E+01,1.488886E+01,2.417023E+01,1.069821E+00
116,7.896320E+00,1.135897E+01,2.941364E+01,1.104951E+00
117,5.522190E+00,1.060825E+01,3.683879E+01,8.640183E-01
118,1.229792E+00,4.411620E+00,4.509568E+01,1.025783E+00
119,1.021274E+01,7.455575E+00,1.998735E+01,1.098793E+00
120,1.226500E+01,2.167047E+01,3.254748E+01,9.728019E-01
121,2.933584E+00,1.172214E+00,2.284763E+01,6.998453E-01
122,8.908786E+00,2.194605E+01,4.517465E+01,9.559766E-01
123,4.341090E-01,6.467603E+00,1.796491E+01,1.202500E+00
124,2.499713E+00,2.127043E+01,4.065960E+01,7.660100E-01
125,6.845330E+00,2.603725E+01,7.632084E+00,8.650554E-01
126,1.191567E+01,3.085056E+00,8.645211E+00,8.116602E-01
127,9.221257E+00,2.902449E+00,2.997793E+01,1.351317E+00
128,5.565893E+00,1.929693E+01,4.771691E+01,1.039195E+00
129,1.019676E+01,2.250788E+01,1.745418E+00,9.795624E-01
130,4.108465E+00,1.365358E+01,2.203681E+01,7.532383E-01
131,3.062917E+00,8.155438E+00,5.008803E+01,1.008797E+00
132,3.896355E+00,9.374751E+00,1.965403E-01,7.694766E-01
133,1.119285E+01,4.101656E+00,1.081537E+01,9.008027E-01
134,3.380917E+00,2.343322E+01,1.093760E+01,7.761133E-01
135,1.056305E+01,2.140484E+01,4.911266E+01,1.040155E+00
136,1.530582E+00,5.755616E+00,3.935804E+01,1.017238E+00
137,2.595983E+00,7.584733E+00,8.833809E+00,8.538051E-01
138,2.287326E+00,1.275612E+01,5.810904E+00,9.770617E-01
139,4.260808E+00,1.130027E+01,1.300536E+00,7.008360E-01
140,5.143380E+00,2.493258E+00,2.614932E+01,6.412497E-01
141,1.093670E+01,2.167961E+01,4.262085E+00,9.865667E-01
142,7.963118E+00,2.210779E+01,1.260756E+01,9.283192E-01
143,1.009153E+01,2.359592E+01,4.270769E+01,1.030590E+00
144,1.421176E+00,2.399951E-01,1.015736E+01,1.522284E+00
145,3.582408E+00,1.632239E+01,2.035843E+01,1.104268E+00
146,9.316458E+00,9.352787E+00,8.181311E+00,7.295976E-01
147,4.141502E+00,2.342533E+01,5.078213E+01,1.147612E+00
148,2.748457E+00,2.088615E+01,1.448175E+01,6.668381E-01
149,1.174985E+01,4.385224E+00,3.528192E+01,8.068872E-01
150,1.115358E+00,2.579797E+01,3.711888E+01,8.809103E-01
151,1.114965E+01,1.501080E+01,2.526048E+01,1.310947E+00
152,8.236684E+00,1.400611E+01,2.486753E+01,7.574793E-01
153,1.005874E+01,4.720458E+00,9.068531E+00,7.437977E-01
154,5.719653E+00,8.496459E+00,3.927046E+00,8.749917E-01
155,1.118481E+01,2.043939E+01,2.881644E+01,7.713426E-01
156,1.297092E+01,1.923141E+00,4.061741E+01,1.150078E+00
157,3.528012E+00,9.764009E+00,1.161721E+01,7.028924E-01
158,1.045062E+01,3.820851E+00,4.450328E+01,6.923788E-01
159,8.762438E+00,1.563498E+00,4.296504E+01,8.111774E-01
160,8.314474E+00,2.397255E+01,3.966659E+01,8.003513E-01
161,7.431912E+00,2.215973E+01,1.473084E+01,1.375739E+00
162,7.244223E+00,7.777769E+00,5.129454E+01,1.105486E+00
163,2.995916E+00,4.168984E-01,1.726348E+01,9.120730E-01
164,6.655617E+00,7.513206E-01,2.962844E+01,6.804372E-01
165,1.157967E+01,1.866802E+01,3.300427E+01,1.079872E+00
166,1.266148E+01,2.538436E+01,4.366885E+01,7.155074E-01
167,8.049395E+00,1.292065E+01,7.054749E-01,6.336380E-01
168,8.029794E+00,2.620047E+01,4.334221E+01,1.165942E+00
169,4.511227E+00,4.027653E+00,4.153868E+01,9.599750E-01
170,9.853279E+00,2.561661E+01,4.634831E+01,1.098463E+00
171,7.359619E+00,2.682971E+00,2.561540E+01,9.603574E-01
172,4.154816E+00,1.357346E+01,1.598386E+01,1.082880E+00
173,1.141464E+01,2.236582E+01,1.671304E+01,7.734889E-01
174,7.941312E+00,1.139529E+01,4.816286E+01,7.100951E-01
175,2.481550E+00,1.848249E+01,5.140956E+01,1.041354E+00
176,2.321482E+00,5.349994E+00,3.675280E+01,7.476297E-01
177,1.031971E+01,1.299441E+01,3.230061E+01,7.668682E-01
178,2.816928E+00,1.262528E+01,5.937461E+00,8.079776E-01
179,4.257157E+00,7.543678E+00,2.355583E+01,8.979226E-01
180,1.231930E+01,4.801694E+00,2.126517E+01,8.264935E-01
181,8.153438E+00,2.507384E+01,7.054064E+00,6.581099E-01
182,1.215706E+01,2.147076E+00,2.546922E+01,7.747684E-01
183,6.020934E+00,5.552276E+00,1.840808E+01,5.445966E-01
184,6.015310E+00,2.291904E+01,5.059838E+01,1.028339E+00
185,6.873047E+00,2.304853E+01,3.222035E+01,6.255897E-01
186,4.623578E+00,5.144112E+00,2.188748E+01,6.990676E-01
187,6.924683E+00,1.177284E+00,7.726525E+00,9.048994E-01
188,7.949299E+00,5.960185E+00,4.436075E+01,7.583574E-01
189,4.330272E+00,2.777008E+00,4.425371E+00,1.262056E+00
190,1.241197E+01,3.126302E+00,7.465265E+00,6.702768E-01
191,1.142581E+01,6.735971E+00,3.528147E+01,9.493468E-01
192,1.081734E+01,1.608392E+01,5.072683E+01,8.866212E-01
193,9.388984E+00,2.986734E+00,2.958403E+01,6.891996E-01
194,9.512209E+00,2.124346E+01,1.394479E+00,1.005208E+00
195,9.521379E+00,2.187189E+01,3.956654E+01,8.608360E-01
196,6.785942E+00,1.213276E+01,2.910767E+01,1.062525E+00
197,9.332837E+00,2.444756E+01,3.268994E+01,1.074857E+00
198,1.175915E+01,1.857596E+01,3.620396E+00,1.449387E+00
199,6.633350E+00,7.588886E+00,1.510829E+01,1.205224E+00
200,4.714175E+00,8.337121E+00,3.065420E+01,8.236972E-01
201,9.054138E+00,7.119043E+00,6.874700E+00,8.479041E-01
202,7.789074E-01,1.525142E+01,9.860998E+00,1.143176E+00
203,1.224875E-01,2.457574E+01,2.845719E+01,1.035253E+00
204,1.224454E+00,2.232858E+01,5.208914E+01,1.031763E+00
205,5.941608E+00,1.125529E+00,6.227471E+00,6.235134E-01
206,5.054913E+00,2.345707E+01,7.842948E+00,8.895852E-01
207,1.091355E+01,3.967140E-01,2.423202E+01,7.586167E-01
208,8.534886E+00,1.599424E+00,3.256954E+01,9.520779E-01
209,1.250841E+01,4.245209E+00,3.865411E+01,8.750507E-01
210,8.067303E+00,4.903645E+00,3.286510E-01,1.095848E+00
211,1.229703E-01,1.409487E+01,4.994755E+01,9.600340E-01
212,8.533581E+00,1.892146E+01,2.616452E+01,1.065978E+00
213,7.706980E+00,3.347415E+00,4.645312E+01,8.060172E-01
214,1.007652E+01,2.644181E+01,1.577308E+01,7.244671E-01
215,3.006796E+00,3.315472E+00,5.108291E+01,8.162197E-01
216,1.034264E+01,4.405859E+00,2.928080E+01,8.910366E-01
217,5.480261E+00,4.012792E+00,8.586472E+00,9.733938E-01
218,1.276093E+01,8.078355E+00,4.987655E+01,1.480794E+00
219,1.001445E+00,1.220645E+01,6.867093E+00,8.860329E-01
220,6.340777E-02,1.466900E+01,6.034001E+00,7.226106E-01
221,9.563042E+00,1.849277E+01,9.341949E+00,8.279725E-01
222,1.247315E+01,1.910009E+01,1.578618E+01,8.065251E-01
223,9.393632E+00,1.938848E+01,1.813082E+01,9.958762E-01
224,4.974581E+00,9.512560E+00,3.266786E+01,6.342001E-01
225,1.192572E+01,4.587806E+00,4.636724E+01,9.071429E-01
226,3.662594E-01,1.749205E+01,2.195658E+01,9.262155E-01
227,1.048033E+01,1.910419E+01,2.543565E+01,9.419886E-01
228,8.527825E+00,1.329173E+01,4.299347E+01,7.828149E-01
229,6.305619E+00,1.385815E+01,1.327234E+01,8.481799E-01
230,8.013650E+00,8.023803E+00,3.058395E+01,6.509374E-01
231,2.247346E+00,4.224260E+00,2.209384E+01,8.011934E-01
232,5.653122E+00,7.102086E+00,6.971875E+00,7.923851E-01
233,5.193342E-01,6.683790E-01,1.438647E+01,9.814415E-01
234,6.117138E+00,1.923784E+01,2.515825E+01,6.910339E-01
235,1.197394E+01,9.329558E-01,9.571227E+00,1.064758E+00
236,4.483543E+00,1.529760E+01,4.517715E+01,1.248463E+00
237,4.638341E+00,7.098892E+00,3.278829E+00,5.635633E-01
238,1.087797E+01,1.005718E+01,3.028018E+01,9.836798E-01
239,1.302696E+01,4.223941E-02,7.705809E+00,1.040265E+00
240,1.031914E+01,2.132744E+01,4.075398E+01,7.758378E-01
241,7.112422E+00,2.592945E+01,2.098948E+01,8.185503E-01
242,7.972600E+00,1.678615E+00,2.171386E+01,8.682955E-01
243,9.569341E+00,6.324078E+00,5.000308E+01,8.369241E-01
244,9.096281E+00,7.617734E+00,4.074083E+01,8.348310E-01
245,1.101498E+00,2.582131E+01,2.611086E+00,6.153518E-01
246,1.236340E+01,6.697978E+00,4.014880E+01,1.156691E+00
247,9.761314E-04,6.734698E+00,3.968663E+01,1.138075E+00
248,7.050664E+00,3.045027E+00,2.085413E+01,7.459708E-01
249,4.974061E+00,1.505035E+01,3.538879E+01,6.448130E-01
250,1.113660E+01,1.317142E+01,2.076894E+01,1.004712E+00
251,1.906935E+00,2.131938E+01,3.779368E+01,7.865845E-01
252,5.412834E+00,1.373302E+01,3.524075E+01,9.232125E-01
253,2.182811E+00,7.204566E-01,1.682104E+01,8.329115E-01
254,7.888381E+00,1.288996E+01,3.669088E+01,1.043667E+00
255,1.085660E+01,1.293861E+01,7.113338E+00,1.044415E+00
256,1.126636E+01,1.523122E+01,3.920118E+01,7.607244E-01
257,9.333115E+00,2.564747E+01,1.564510E+01,6.568757E-01
258,9.341620E+00,9.686591E+00,2.094848E+01,6.282643E-01
259,3.054171E+00,9.112665E+00,5.023985E+01,1.024936E+00
260,3.875031E+00,6.516173E+00,3.089409E+01,6.860134E-01
261,3.417625E+00,1.253976E+01,4.419386E+01,7.987841E-01
262,3.051597E+00,1.130285E+01,3.234316E+01,7.829900E-01
263,7.226725E+00,2.581995E+01,3.604537E+01,8.839968E-01
264,9.800411E+00,2.561420E+01,2.195653E+01,5.806308E-01
265,4.706921E+00,1.161895E+00,9.758968E+00,9.329095E-01
266,3.141520E+00,4.860946E+00,3.998773E+01,1.005345E+00
267,7.097642E+00,1.768530E+01,4.346730E+01,9.122502E-01
268,3.056546E+00,8.633569E+00,3.752825E+01,8.344821E-01
269,5.201998E+00,7.753732E-01,2.304351E+01,9.140797E-01
270,1.202986E+01,1.083478E+01,1.760223E+01,9.777247E-01
271,1.310602E+01,1.707026E+01,1.939023E+01,4.817847E-01
272,1.351224E+00,2.086975E+01,3.751313E+01,1.383861E+00
273,1.221055E+01,5.755528E+00,6.088582E+00,9.757733E-01
274,9.590167E+00,5.387859E+00,9.329813E+00,7.732503E-01
275,4.235772E+00,2.163731E+01,2.858413E+01,8.197052E-01
276,6.072770E-01,1.228835E+01,3.623659E+01,9.986045E-01
277,7.130561E+00,1.516393E+01,1.190849E+01,8.715521E-01
278,1.122810E+01,1.487118E+01,3.778709E+01,5.685273E-01
279,1.300456E+01,1.134278E+01,4.667807E+01,1.417800E+00
280,9.643529E-02,8.849432E-01,3.127247E+01,8.726347E-01
281,4.125073E+00,6.576728E+00,1.472475E+01,1.123078E+00
282,4.217171E+00,1.930948E+01,3.015546E+01,7.664405E-01
283,1.045059E+01,2.199151E+01,4.465788E+01,1.260188E+00
284,5.491863E+00,1.115933E+01,4.907268E+01,9.534426E-01
285,8.764901E+00,2.131537E+00,2.872455E+01,1.024585E+00
286,4.715231E+00,2.615668E+01,7.234504E-01,7.083526E-01
287,8.108189E+00,1.916843E+01,1.530600E+01,1.171972E+00
288,1.289565E+01,2.276871E+01,4.851041E+01,1.043267E+00
289,2.547240E-01,1.509564E+01,1.561029E+01,1.195933E+00
290,1.124518E+01,1.676388E+01,2.854919E+01,7.774581E-01
291,1.517693E+00,1.431024E+01,3.347768E+01,8.033941E-01
292,1.266083E+01,1.549772E+01,5.125196E+01,1.495607E+00
293,1.273624E+01,1.722350E+01,2.680252E+01,7.060230E-01
294,6.172347E+00,2.358570E+01,1.497012E+00,8.677010E-01
295,1.507362E+00,2.703831E+00,4.010171E+01,1.152713E+00
296,4.498597E+00,1.689948E+01,3.198784E+01,9.141459E-01
297,5.110199E+00,1.408097E+01,3.417882E+01,1.018683E+00
298,1.246266E+01,1.524827E+01,3.254860E+01,8.181527E-01
299,8.987341E-01,2.522374E+01,2.797728E+01,9.714202E-01
300,1.061267E+01,1.332186E+00,2.229942E+01,6.682354E-01
301,3.403578E+00,7.072064E+00,4.193046E+01,1.294895E+00
302,8.262966E+00,1.164864E+01,5.608224E-01,8.711516E-01
303,1.278024E+01,2.548354E+01,1.152571E+01,7.684735E-01
304,5.476228E-01,1.404473E+01,5.040483E+01,1.037825E+00
305,1.205798E+01,1.548744E+01,1.608173E+01,8.070429E-01
306,4.370253E+00,2.378530E+01,2.605425E+01,6.641130E-01
307,1.736603E+00,6.580672E+00,1.466433E+01,6.622692E-01
308,1.636346E+00,1.226582E+01,4.853150E+01,1.044188E+00
309,8.857865E+00,1.919800E+00,2.911102E-01,8.631390E-01
310,3.658834E+00,9.607562E+00,4.115145E+01,8.681364E-01
311,1.280776E+01,1.026647E+01,3.638018E+01,1.137599E+00
312,1.317724E+01,1.975235E+01,3.370471E+01,6.955755E-01
313,1.034083E+00,8.561816E+00,4.839064E+01,7.598625E-01
314,2.662270E+00,2.234631E+01,3.689056E+01,8.208169E-01
315,4.851879E+00,1.401757E+01,2.875737E+01,9.134580E-01
316,9.457472E+00,1.368332E+01,7.050239E+00,8.860499E-01
317,1.024422E+01,1.076196E+01,5.102379E+01,8.389629E-01
318,3.755072E+00,6.968831E+00,1.766890E+01,8.822116E-01
319,7.580202E+00,2.370467E+01,9.339233E+00,8.732650E-01
320,3.704279E+00,1.540842E+01,2.407019E+01,7.617424E-01
321,5.924685E+00,2.174086E+01,4.894619E+01,7.460326E-01
322,6.374796E+00,1.820762E+01,4.243932E+01,9.509296E-01
323,6.865639E+00,7.796301E+00,3.380511E+01,7.331729E-01
324,7.749630E+00,2.388197E+01,2.776475E+00,6.908531E-01
325,1.205447E+01,1.415685E+01,8.305056E-01,8.342203E-01
326,4.565498E+00,1.918725E+01,2.587672E+01,8.635062E-01
327,1.298197E+01,1.119474E+01,1.730482E+01,1.479940E+00
328,1.088285E+01,1.451379E+01,3.614901E+01,7.642800E-01
329,1.067133E+01,1.778579E+01,2.237874E+01,1.103968E+00
330,1.652899E+00,1.537050E+01,4.754516E+01,1.056708E+00
331,5.548130E+00,2.412468E+01,2.667642E+01,6.860003E-01
332,8.222898E+00,2.206547E+01,2.991181E+01,1.062872E+00
333,1.204867E+00,2.598568E+01,1.302486E+01,6.867760E-01
334,9.410473E+00,1.338021E+01,2.536492E+01,4.941338E-01
335,3.230938E+00,1.912943E+01,5.975414E+00,1.024008E+00
336,1.311832E+01,2.239354E+01,2.831777E+01,6.044796E-01
337,5.623102E+00,7.588311E+00,2.657384E+01,9.891111E-01
338,1.164767E+01,7.284788E+00,2.651800E+01,7.678166E-01
339,3.106557E+00,8.930919E+00,1.007982E+01,1.295305E+00
340,1.311945E+01,1.513869E+01,3.882384E+01,1.135257E+00
341,1.301297E+00,9.698279E+00,4.729120E+01,8.083648E-01
342,1.118365E+00,4.383572E+00,3.313403E+01,7.671612E-01
343,8.248691E+00,2.220423E+01,4.956151E+01,6.821639E-01
344,1.880577E+00,6.870688E+00,2.264650E+01,8.106160E-01
345,1.196380E-02,1.849347E+00,1.199929E+01,8.401866E-01
346,6.372080E+00,6.662717E+00,4.644577E+01,8.245225E-01
347,4.294917E+00,2.449282E+01,5.164330E+01,9.262563E-01
348,5.958308E+00,6.016534E+00,1.545219E+01,1.017676E+00
349,1.028235E+01,7.240903E+00,2.016292E+01,9.670079E-01
350,6.338623E+00,1.523442E+01,5.277245E+01,7.542091E-01
351,3.075563E+00,9.362025E+00,1.392772E+01,6.489461E-01
352,4.782861E+00,2.670263E+00,1.906238E+01,1.212779E+00
353,1.175956E+01,7.909502E+00,1.970475E+01,7.668854E-01
354,1.250933E+01,1.929441E+01,2.737632E+01,7.732701E-01
355,1.029373E+01,3.262970E+00,2.460825E+01,7.962263E-01
356,1.566009E+00,6.188433E+00,7.515992E+00,5.928340E-01
357,4.791971E+00,1.010944E+01,5.018750E+01,8.039416E-01
358,3.498282E+00,1.251441E+01,4.298610E+01,8.036400E-01
359,1.080266E+01,1.987623E+01,1.524916E+01,1.027221E+00
360,6.555781E+00,4.932656E+00,9.981226E+00,1.045280E+00
361,5.772613E+00,1.956495E+01,2.789793E+01,8.951801E-01
362,1.174391E+01,2.201038E+01,1.674426E+00,1.101160E+00
363,7.528574E+00,1.613639E+01,5.094333E+01,9.649193E-01
364,3.077636E-01,1.406868E+01,1.084912E+01,8.913027E-01
365,7.107524E-01,1.556229E+01,4.093183E+01,9.271298E-01
366,1.026291E+01,8.023255E-01,2.155963E+01,8.571735E-01
367,5.895194E-01,6.565127E+00,1.021864E+01,8.189929E-01
368,2.850042E+00,8.983085E+00,1.469734E+01,8.425563E-01
369,1.274517E+01,9.335096E+00,4.737240E+01,6.953915E-01
370,2.397854E+00,2.023129E+01,3.250028E+00,9.521878E-01
371,6.129162E+00,1.459689E-01,4.292843E+01,7.166405E-01
372,1.258896E+01,9.299775E-01,4.947429E+01,1.079214E+00
373,1.024951E+01,9.506072E+00,4.815141E+01,8.459992E-01
374,3.923857E+00,1.084204E+01,5.123670E+00,9.043604E-01
375,8.700999E+00,7.841118E-01,2.568982E+01,9.986257E-01
376,9.048713E+00,2.175419E+01,7.943751E+00,1.032497E+00
377,9.987747E+00,1.904801E+01,2.964551E+01,6.299932E-01
378,7.743478E+00,2.417718E+00,3.181238E+01,8.540710E-01
379,5.053170E+00,2.298180E+01,1.658768E+01,1.088537E+00
380,7.636864E+00,1.129967E+01,4.642352E+01,6.123244E-01
381,3.363066E+00,2.087437E+00,3.966306E+01,9.751611E-01
382,5.468717E+00,1.560493E+01,1.398082E+00,5.407023E-01
383,1.261047E+01,2.324769E+01,3.305192E+01,7.119571E-01
384,2.255562E-01,1.001242E+01,5.185570E+01,9.021706E-01
385,9.024058E+00,4.264491E+00,2.440198E+01,6.180060E-01
386,1.280421E+01,1.416416E+01,1.304054E+00,7.178590E-01
387,8.208733E+00,7.184396E+00,5.236764E+00,6.440350E-01
388,5.336426E+00,1.479501E+01,9.028009E-01,1.292010E+00
389,7.404441E+00,1.354153E+01,4.206051E+01,9.278127E-01
390,5.609816E+00,1.466064E+01,3.931094E+01,1.015129E+00
391,1.188248E+01,1.006693E+01,3.187397E+01,8.510705E-01
392,9.199955E+00,1.146220E+00,4.242353E+01,8.265972E-01
393,4.998973E+00,1.775431E+01,2.498831E+01,6.235804E-01
394,9.302314E+00,1.918718E+01,1.014925E+01,8.380367E-01
395,8.770339E+00,2.255115E+01,1.248012E+01,7.546556E-01
396,1.004196E+01,1.678972E+01,5.060166E+01,1.083145E+00
397,3.446904E+00,4.086745E+00,1.653587E+01,1.153796E+00
398,3.416602E+00,2.004814E+01,3.883943E+01,1.240712E+00
399,8.869816E+00,5.731779E+00,4.565770E+01,1.081847E+00
400,1.266956E+01,1.408198E+01,3.440315E+01,7.825812E-01
401,6.631547E+00,7.511308E+00,1.515983E+01,6.972739E-01
402,4.151180E+00,5.055525E+00,4.778305E+01,1.061310E+00
403,1.136928E+01,1.222861E+01,1.945663E+01,9.684414E-01
404,1.243787E+01,5.890567E+00,2.932612E+01,6.027759E-01
405,7.218150E-01,5.064855E+00,3.200077E+01,9.682661E-01
406,8.770464E+00,1.539030E+01,4.607065E+01,1.072705E+00
407,1.315741E+01,2.023433E+01,2.464012E+01,9.062656E-01
408,1.104527E+01,3.189004E+00,3.619903E+01,8.582453E-01
409,6.865260E+00,4.716880E+00,5.154509E+01,7.469229E-01
410,4.482523E+00,1.630227E+01,4.654708E+01,6.476812E-01
411,6.710973E+00,3.049947E+00,4.337601E+01,1.069306E+00
412,4.678232E+00,2.604097E+01,4.682423E+01,8.348120E-01
413,1.130373E+01,9.436976E+00,4.011201E+01,8.490235E-01
414,1.306369E+01,1.394201E+01,2.493894E+01,1.316628E+00
415,1.942453E-01,1.854806E+01,4.548132E+01,1.042029E+00
416,3.277511E+00,8.344850E+00,2.652539E+01,9.715869E-01
417,9.546844E-01,2.374586E+00,2.231005E+01,9.232349E-01
418,3.459783E+00,1.075573E+01,2.407295E+01,1.255590E+00
419,1.293051E+01,2.501299E+01,7.402770E+00,1.312775E+00
420,1.168964E+01,2.124636E+00,2.689404E+01,1.100584E+00
421,2.170947E+00,9.692308E+00,3.938145E+01,1.018517E+00
422,5.622474E+00,2.137575E+01,3.808217E+01,5.604760E-01
423,1.248768E+01,1.414954E+01,4.249703E+01,9.194643E-01
424,4.276827E+00,9.158642E+00,2.121866E+01,8.688330E-01
425,5.442481E+00,2.735128E+00,2.750137E+01,9.133769E-01
426,1.282135E+00,2.356937E+01,3.276477E+00,1.103915E+00
427,5.956095E+00,7.541410E+00,8.204833E+00,4.853364E-01
428,1.038173E+01,1.893822E+01,7.732180E+00,7.877220E-01
429,8.380830E+00,2.099441E+01,4.097040E+01,9.499515E-01
430,1.222221E+00,1.815890E+01,3.793426E+01,8.059405E-01
431,1.141919E+01,1.345785E+01,2.442832E+01,6.519775E-01
432,1.278273E+01,2.109923E+01,2.960103E+01,1.085816E+00
433,4.378944E+00,2.238995E+01,2.412858E+01,9.514296E-01
434,1.227593E+00,1.205020E+01,4.619605E+01,7.201703E-01
435,5.937390E+00,3.801021E-01,3.239591E+01,9.595198E-01
436,1.318953E+01,2.164852E+01,3.270068E+01,1.074397E+00
437,1.211099E+01,2.155139E+01,2.641744E+01,8.954842E-01
438,7.830571E+00,1.937160E+01,4.484285E+01,1.069369E+00
439,7.705325E-01,2.052418E+01,2.370830E+01,9.101840E-01
440,8.752119E+00,2.025476E+01,2.858230E+01,8.189235E-01
441,2.099491E+00,1.084817E+01,4.072658E+00,6.905347E-01
442,9.129623E+00,2.526322E+01,4.213173E+01,8.774400E-01
443,5.162628E+00,1.547760E+01,1.611626E+01,9.340582E-01
444,7.166020E+00,7.966112E+00,3.911574E+01,1.087482E+00
445,3.434916E+00,2.553644E+01,3.506941E+01,8.717459E-01
446,9.109461E-01,2.854978E-01,5.282256E+01,9.905426E-01
447,2.920544E+00,8.279638E+00,1.104158E+01,7.212145E-01
448,1.229249E+01,1.727151E+01,2.672190E+01,7.511045E-01
449,7.385952E+00,8.420300E+00,3.253840E+01,8.726642E-01
450,5.557506E+00,5.277458E+00,3.478631E+01,7.068723E-01
451,4.951429E+00,2.079603E+01,2.200723E+01,1.074077E+00
452,6.731933E+00,2.085961E+01,2.372815E+01,9.918065E-01
453,1.279737E+01,2.100695E+01,4.378349E+01,9.519018E-01
454,1.263445E+01,1.030047E+01,3.073210E+01,9.646909E-01
455,9.186457E+00,1.783959E+01,5.048568E+01,1.404120E+00
456,3.819109E+00,7.718028E+00,4.863499E+01,8.055776E-01
457,1.058661E+01,5.386820E+00,3.020054E+01,5.472721E-01
458,9.877462E+00,9.351765E+00,2.301316E+01,9.351024E-01
459,7.620991E+00,1.237348E+01,3.989547E+01,8.843843E-01
460,7.865737E-02,1.151321E+01,1.788474E+01,7.968787E-01
461,8.068232E+00,2.055477E+01,4.034098E+00,7.189300E-01
462,2.093463E+00,1.761769E+01,3.911985E+01,8.109296E-01
463,7.790592E+00,2.603399E+01,2.646099E+01,9.313620E-01
464,1.805159E+00,1.817952E+01,3.189739E+01,7.994973E-01
465,7.819991E+00,1.445940E+01,4.975239E+01,1.532272E+00
466,1.710646E+00,1.938961E+00,8.164980E+00,7.218758E-01
467,3.244837E+00,1.570686E+01,3.244570E+01,7.493487E-01
468,3.080756E+00,1.295935E+01,2.553918E+01,5.367287E-01
469,6.001344E+00,2.128553E+01,2.498985E+01,9.460549E-01
470,1.004437E+01,4.410006E+00,2.818312E+01,5.703415E-01
471,1.091507E+01,4.707627E+00,2.463113E+01,7.929877E-01
472,8.067110E+00,4.894590E+00,4.009272E+01,8.410654E-01
473,1.046286E+00,2.507009E+01,2.480593E+01,7.634230E-01
474,4.451870E+00,3.094162E+00,2.291856E+01,1.318436E+00
475,8.738947E+00,2.502923E+00,1.622584E+01,1.116636E+00
476,1.107285E+01,1.711703E+01,1.093344E+01,1.200556E+00
477,2.131212E+00,2.395938E+01,1.520606E+01,7.345642E-01
478,2.377437E+00,2.648857E+01,1.638069E+01,1.150581E+00
479,1.652154E+00,1.223174E+01,2.301119E+01,9.991080E-01
480,1.227528E+01,3.555025E+00,4.828320E+00,1.062434E+00
481,1.231480E+00,2.395414E+01,2.380715E+01,1.125403E+00
482,1.994747E+00,1.573028E+01,2.848277E+01,7.302587E-01
483,2.627850E+00,1.597419E+01,1.802513E+01,8.136252E-01
484,3.157164E+00,1.352027E+01,1.545130E+01,1.084274E+00
485,2.942190E+00,2.330343E+01,8.252152E+00,4.945258E-01
486,3.716347E+00,1.022862E+01,1.449710E+01,1.253723E+00
487,2.790812E+00,2.042729E+01,1.743096E+01,1.011927E+00
488,1.490207E+00,1.432805E+01,6.648261E+00,8.853517E-01
489,4.735262E+00,2.335917E+01,1.955781E+01,9.395381E-01
490,8.377430E+00,1.363218E+01,7.296531E+00,7.107780E-01
491,8.596772E+00,2.267596E+01,4.938308E+00,8.272409E-01
492,9.982313E+00,1.828337E+01,4.591485E+01,1.143335E+00
493,1.378673E+00,8.097724E+00,3.678290E+01,1.194913E+00
494,2.916229E-01,1.944531E+01,4.545488E+01,1.632436E+00
495,6.003904E+00,1.150519E+01,1.475302E+01,8.797939E-01
496,6.691081E-02,4.935091E+00,5.191226E+01,7.721908E-01
497,1.148700E+01,7.059580E+00,5.105849E+01,7.974631E-01
498,4.870266E+00,7.882894E+00,8.095602E+00,7.126668E-01
499,1.194162E+01,2.614496E+01,1.734594E+01,8.790227E-01
500,9.316768E+00,8.882027E+00,5.562309E+00,9.741719E-01
501,5.201116E+00,1.461082E+01,6.517310E+00,8.876190E-01
502,1.083783E+01,1.317491E+01,1.241738E+01,1.142331E+00
503,7.850959E+00,2.101306E+01,1.735722E+01,8.488816E-01
504,9.290886E+00,1.133379E+01,5.107451E+01,8.277011E-01
505,1.021092E+01,9.439565E+00,9.402699E-01,7.856231E-01
506,8.708694E+00,5.241539E+00,6.457042E+00,6.213358E-01
507,1.234116E+01,2.648817E+01,1.429845E+01,6.303948E-01
508,3.996852E+00,4.370478E+00,2.424770E+01,6.875001E-01
509,1.146789E+01,1.858256E+01,4.483784E+01,1.195822E+00
510,3.026185E+00,1.934943E+01,4.866266E+01,1.092206E+00
511,3.727289E+00,1.829508E+01,2.122645E+01,1.215606E+00
512,3.843983E+00,2.568486E+01,1.847025E+01,6.644164E-01
513,1.428443E+00,1.029354E+01,2.371757E+01,5.764552E-01
514,9.962852E+00,2.516277E+01,4.328690E+01,7.719318E-01
515,1.233010E+01,1.258412E+01,3.810870E+01,9.302156E-01
516,4.093288E+00,1.843329E+00,1.936244E+01,9.997078E-01
517,9.243720E+00,7.274608E+00,4.563646E+01,1.130066E+00
518,1.047360E+01,5.140094E+00,1.752742E+01,9.530036E-01
519,1.093094E+01,6.461795E+00,1.756796E+01,1.319554E+00
520,4.543839E+00,2.121922E+01,1.961828E+00,8.510837E-01
521,9.772909E-01,1.532290E+01,2.103861E+01,7.295557E-01
522,8.382415E+00,7.058432E+00,4.818882E+01,6.146362E-01
523,1.007849E+01,1.794565E+00,4.153056E+01,7.334910E-01
524,1.284189E+01,2.496467E+01,3.896523E+01,9.440797E-01
525,1.636970E+00,1.526000E+01,1.505838E+01,7.335321E-01
526,1.285024E+01,1.900585E+01,3.235778E+01,1.102363E+00
527,9.206275E+00,1.160186E+01,1.974724E+01,1.225783E+00
528,1.239444E+01,8.792591E+00,2.195247E+00,5.271185E-01
529,5.309032E+00,2.093574E+01,3.435523E+01,1.084627E+00
530,1.274372E+01,2.813237E+00,4.829285E+01,5.426314E-01
531,4.885319E+00,1.255610E+01,2.270057E+01,9.782599E-01
532,1.542383E+00,6.564010E+00,3.932484E+01,1.175567E+00
533,3.047294E-01,3.546623E+00,1.335611E+00,9.074657E-01
534,1.135590E+01,1.635264E+01,9.002658E+00,6.722492E-01
535,1.018220E+01,2.561009E+01,4.951211E+01,7.848937E-01
536,1.220568E+01,2.068889E-01,3.120537E+01,8.437017E-01
537,3.399038E+00,1.495723E+01,1.684894E+01,8.587834E-01
538,2.035277E+00,1.177443E+01,2.622973E+01,8.548349E-01
539,1.310921E+01,1.122835E+00,1.595491E+01,8.727629E-01
540,1.128313E+01,1.747502E+01,4.379688E+01,9.380659E-01
541,8.745395E+00,2.011975E+01,2.611452E+01,6.830022E-01
542,2.713556E+00,2.145661E+01,3.008260E+01,8.474047E-01
543,1.847713E+00,2.132126E+01,5.078496E+01,1.255104E+00
544,4.584858E+00,7.774999E+00,4.332371E+00,8.208598E-01
545,8.801027E+00,2.540243E+01,7.204763E+00,8.100892E-01
546,6.425823E+00,2.602283E+00,1.807110E+00,1.137714E+00
547,8.801157E+00,2.298462E+01,1.788416E+01,5.052826E-01
548,1.159930E+01,3.100681E+00,1.260693E+01,1.164213E+00
549,1.194157E+01,1.347018E+01,3.222145E+01,7.767964E-01
550,5.035424E-01,3.400987E+00,2.955744E+00,9.277507E-01
551,1.198652E+01,3.570654E+00,4.501485E+01,9.138596E-01
552,4.649371E+00,2.120744E+01,1.933966E+01,1.103773E+00
553,3.545411E+00,2.481027E+00,1.487157E+01,8.425824E-01
554,6.244636E+00,2.165542E+01,2.397381E+01,7.688427E-01
555,1.286643E+01,1.434760E+01,1.321596E+00,1.194866E+00
556,5.501441E+00,1.824861E+01,1.241255E+01,5.277556E-01
557,9.253187E+00,1.334270E+01,1.363563E+00,8.984948E-01
558,1.025612E+01,1.484403E+01,4.370427E+00,6.620908E-01
559,6.294096E+00,7.610251E+00,4.660469E+01,7.546419E-01
560,3.773791E+00,2.494484E+01,2.893359E+01,1.401057E+00
561,4.286186E+00,2.155042E+01,3.694760E+01,8.855707E-01
562,5.482834E+00,1.667829E+01,4.124865E+01,9.342201E-01
563,1.127868E+01,2.162638E+01,8.798605E+00,6.010266E-01
564,1.097182E+01,1.553056E+00,1.060485E+01,7.601394E-01
565,8.250515E+00,3.038150E+00,3.196478E+01,9.345303E-01
566,4.078932E+00,1.137636E+01,1.669643E+01,9.681097E-01
567,9.294321E-01,1.326486E+01,5.105058E+01,1.026426E+00
568,8.102924E+00,7.947701E+00,5.065590E+01,8.961509E-01
569,5.155354E+00,1.847691E+01,3.359469E+01,1.006044E+00
570,1.262108E+01,2.422739E+01,7.841113E+00,9.897397E-01
571,1.134889E+00,2.144704E+01,4.794303E+01,5.945999E-01
572,6.529317E+00,1.829794E+01,3.697316E+00,9.018436E-01
573,2.911257E+00,3.956904E+00,3.184891E+01,1.061604E+00
574,2.616369E+00,1.585300E+00,1.601065E+01,1.020259E+00
575,8.969517E+00,1.530733E+01,1.752149E+01,8.246761E-01
576,1.103923E+01,7.318237E+00,1.380356E+01,7.472600E-01
577,7.416370E+00,1.266770E+01,2.362720E+01,6.968982E-01
578,2.063343E+00,1.336784E+01,1.372257E+01,8.686494E-01
579,5.194329E+00,1.943193E+01,4.963410E+01,1.151733E+00
580,1.024963E+01,1.074505E+01,3.141833E+01,5.786229E-01
581,9.887185E+00,1.097252E+01,1.908560E+01,7.719601E-01
582,1.791265E+00,1.950320E+01,4.442338E+01,6.935643E-01
583,4.193085E+00,2.075475E+01,3.232850E+01,1.065652E+00
584,1.038499E+01,1.089613E+01,3.960588E+01,7.903634E-01
585,5.410606E+00,2.351157E+00,2.916914E+01,8.052588E-01
586,6.017475E+00,6.698667E+00,4.726331E+01,8.521586E-01
587,5.070800E+00,1.036432E+00,2.024519E+01,9.878888E-01
588,5.622531E+00,2.282437E+01,4.233996E+01,8.194427E-01
589,2.648510E+00,2.222548E+01,1.313495E+01,4.532557E-01
590,4.528836E+00,2.034884E+00,2.932725E+00,1.009712E+00
591,9.017829E+00,2.445886E+01,2.611956E+01,9.864899E-01
592,1.117982E+01,2.102609E+01,3.521404E+01,8.516659E-01
593,1.295641E+01,2.124957E+01,1.456099E+01,7.022488E-01
594,1.045030E+01,1.834828E+01,2.116621E+01,9.674667E-01
595,1.017164E+00,5.678281E+00,4.223690E+01,9.734120E-01
596,3.291128E+00,2.643278E+01,3.676683E+01,8.053675E-01
597,6.320698E+00,1.511060E+01,3.236345E+01,8.522000E-01
598,1.283344E+01,4.284447E+00,1.443127E+01,7.267809E-01
599,9.398364E+00,6.353723E+00,4.616049E+01,8.594842E-01
600,4.589762E+00,4.790349E+00,2.522902E+00,6.328385E-01
601,7.888514E+00,2.186133E+01,1.450530E+01,9.817194E-01
602,1.215259E+01,2.007202E+01,3.247652E+00,7.244797E-01
603,7.584387E+00,1.503124E+01,1.072149E+01,9.432343E-01
604,4.430960E+00,1.213959E+01,2.547117E+00,6.535715E-01
605,1.983753E+00,4.344398E+00,2.009155E+01,7.840838E-01
606,9.898571E+00,2.202084E+01,8.627587E+00,8.726447E-01
607,9.958816E+00,1.776679E+01,4.718777E+01,6.174568E-01
608,1.283141E+01,3.296902E+00,4.274024E+00,9.177069E-01
609,1.059223E+01,4.295829E+00,1.030837E+01,8.218675E-01
610,1.168235E+01,2.487273E+01,1.687230E+01,6.063079E-01
611,1.115432E+01,2.275071E+01,3.207301E+01,6.687252E-01
612,7.497706E+00,1.525368E+01,1.596201E+01,1.023734E+00
613,8.196746E+00,6.452325E+00,9.410789E+00,1.092278E+00
614,5.469430E+00,1.869579E+01,3.292264E+01,8.684838E-01
615,1.277963E+01,1.712431E+01,7.486683E+00,9.789724E-01
616,2.135297E+00,2.465304E+00,1.012820E+01,9.402377E-01
617,7.919717E+00,2.220581E+01,4.735625E+01,9.626951E-01
618,5.298486E+00,1.479660E+01,4.287062E+01,1.191708E+00
619,4.133299E+00,1.577899E+01,9.222725E+00,6.390013E-01
620,6.311663E+00,4.584601E+00,2.449891E+01,1.040162E+00
621,5.255782E+00,1.147698E+01,1.291164E+01,8.213429E-01
622,1.801862E+00,7.302243E+00,1.269272E+01,8.507698E-01
623,9.725578E+00,1.899233E+01,3.096535E+01,8.360918E-01
624,1.209694E+00,1.500001E+01,4.197902E+00,8.226015E-01
625,2.406973E-01,9.340102E+00,1.274384E+01,6.803217E-01
626,7.875966E+00,2.459930E+01,3.813707E+01,9.317779E-01
627,1.016351E+01,2.518870E+01,3.359354E+01,1.298602E+00
628,7.651908E+00,1.594319E+01,4.586953E+01,8.832937E-01
629,5.140279E+00,2.106808E+01,3.455595E+01,8.941508E-01
630,4.033977E+00,3.625995E-01,1.112136E+01,7.672534E-01
631,9.271184E+00,1.535572E+01,1.454776E+01,8.712856E-01
632,5.752232E+00,1.751351E+01,6.732902E+00,9.924787E-01
633,5.725440E+00,1.103618E+01,2.874648E+01,8.235023E-01
634,6.912622E+00,9.740904E+00,4.040890E+01,8.082893E-01
635,8.904326E-01,9.413971E-01,2.226494E+01,9.786454E-01
636,1.187650E+01,7.352679E+00,9.128783E+00,7.287543E-01
637,1.229390E+01,4.456154E+00,1.985869E+01,9.462686E-01
638,9.655636E+00,6.911752E+00,1.217721E+01,1.074094E+00
639,5.267007E+00,2.085692E+01,4.826303E+01,1.211540E+00
640,4.144620E-01,4.373635E+00,5.078578E+01,8.765689E-01
641,7.851379E+00,1.460659E+01,4.310077E+01,1.213609E+00
642,5.269203E-01,3.665157E-01,5.125691E+01,1.126652E+00
643,1.097422E+01,1.979779E+01,8.248878E+00,7.161467E-01
644,6.312505E+00,2.482846E+01,4.946121E+01,6.815764E-01
645,1.224757E-01,1.993314E+01,3.304709E-01,8.355856E-01
646,1.303684E+01,1.104526E+01,5.157609E+01,1.125276E+00
647,4.870719E+00,7.766391E+00,1.675685E+01,8.801155E-01
648,9.677669E+00,5.289238E+00,4.577695E+01,7.822314E-01
649,7.821994E+00,2.569248E+01,5.229481E+01,1.264657E+00
650,2.452691E+00,2.531821E+01,2.465564E+00,9.535619E-01
651,3.690484E-01,2.500252E+01,5.098686E+01,5.329128E-01
652,1.950260E+00,1.171938E+01,2.617655E+01,9.600217E-01
653,1.139422E+01,1.663323E+01,4.103579E+01,1.004482E+00
654,6.424992E+00,1.717617E+01,3.896128E+01,9.406081E-01
655,9.773061E+00,4.603420E-02,5.293034E+00,9.888413E-01
656,4.816596E+00,1.621091E+00,2.029043E+01,8.811002E-01
657,5.159720E+00,2.437655E+01,3.004292E+01,6.664679E-01
658,9.355454E+00,2.350147E+01,2.342359E+01,8.234174E-01
659,2.598814E-02,7.558415E+00,4.313335E+01,7.242781E-01
660,1.194467E+01,9.311321E+00,1.557538E+01,7.263619E-01
661,1.224485E+01,9.299775E+00,3.455533E+01,6.747471E-01
662,3.712629E+00,2.593822E+00,2.655502E+01,9.894542E-01
663,1.222798E+01,1.638750E+01,1.106343E+01,9.141808E-01
664,9.038616E+00,2.035352E+01,1.699359E+01,8.093070E-01
665,7.406595E+00,1.806461E+01,8.495356E+00,7.737803E-01
666,1.276929E+01,1.195345E+01,5.190168E+01,8.897645E-01
667,2.510861E+00,1.281493E+01,8.786768E+00,1.137967E+00
668,1.348426E-01,6.301200E+00,2.136048E+01,5.718952E-01
669,5.710224E+00,2.348310E+01,3.367757E+01,9.728998E-01
670,5.754076E+00,2.617159E+01,3.254102E+01,7.918812E-01
671,4.273594E+00,1.831249E+01,2.626171E+01,5.873673E-01
672,1.167086E+01,2.374815E+01,1.946187E+01,5.794112E-01
673,7.448046E+00,7.040211E+00,3.319862E+01,7.296039E-01
674,1.314340E+01,2.205487E+01,1.941205E+01,9.393289E-01
675,1.263290E+00,2.560694E+01,2.063983E+01,9.764201E-01
676,3.885760E+00,8.379573E+00,2.595567E+01,7.253511E-01
677,1.267194E+01,2.613515E+01,1.568851E+01,1.122288E+00
678,4.655119E+00,1.355751E+01,4.337547E-01,1.228701E+00
679,2.315668E+00,2.479576E+01,1.559451E+00,9.770792E-01
680,1.337407E+00,1.114274E+01,3.875153E+01,7.838485E-01
681,3.561228E+00,8.104882E+00,1.618367E+01,1.149509E+00
682,1.155740E+01,5.989217E+00,2.979551E+01,1.058645E+00
683,1.324385E+01,1.929670E+01,1.781954E+01,1.085439E+00
684,1.013832E+01,2.526877E+01,1.978968E+01,7.725509E-01
685,9.377440E+00,2.008019E+00,4.743197E+01,4.751692E-01
686,1.274897E+00,9.878607E+00,2.874144E+01,1.434443E+00
687,3.491023E+00,1.719883E+01,2.937310E+01,6.243595E-01
688,9.498947E+00,9.380982E+00,2.892729E+01,8.873168E-01
689,1.075720E+01,2.147496E+01,3.783975E+01,1.521469E+00
690,7.177811E+00,1.783436E+01,4.602835E+00,9.629000E-01
691,6.242484E+00,2.278479E+01,3.217761E+01,1.105443E+00
692,1.247237E+01,6.944984E+00,5.101977E+00,6.396578E-01
693,8.299345E+00,2.408584E+00,4.143678E+01,6.015494E-01
694,3.400492E+00,1.427128E+01,4.298598E+01,7.941833E-01
695,1.043734E+01,1.313814E+01,5.169941E+01,1.140905E+00
696,6.591032E+00,7.385051E+00,1.602252E+01,8.279230E-01
697,9.849370E+00,1.157876E+01,2.218701E+01,7.490948E-01
698,2.713401E-01,8.086672E+00,4.558227E+01,9.348243E-01
699,1.064222E+01,1.977472E+01,1.225320E+00,1.138663E+00
700,3.574800E-01,8.250558E+00,2.513608E+01,6.479117E-01
701,1.204931E+01,1.018866E+01,1.528578E+01,6.827021E-01
702,7.564784E+00,2.422981E+01,3.913237E+01,7.500929E-01
703,1.134634E+01,4.826328E+00,6.657582E+00,1.141896E+00
704,7.206092E+00,1.847302E+01,5.059435E+01,9.425438E-01
705,4.920884E+00,9.180125E+00,2.732947E+01,1.439369E+00
706,9.071839E+00,1.499370E+01,3.830547E+01,1.102290E+00
707,5.037180E+00,2.283920E+01,9.693872E+00,8.874501E-01
708,4.184081E+00,2.049435E+01,1.778359E+01,1.186161E+00
709,8.849548E+00,7.623621E+00,9.912609E+00,9.376509E-01
710,3.983131E+00,2.349603E+01,2.441715E+01,7.642423E-01
711,2.985570E+00,8.514754E+00,1.468026E-01,1.040978E+00
712,1.001050E+01,5.978088E+00,3.167728E+01,7.657094E-01
713,3.325698E-01,2.210546E+01,9.930644E+00,8.383061E-01
714,6.315602E-02,7.978321E+00,4.876653E+01,1.202875E+00
715,3.478263E+00,1.333691E+01,2.157465E+01,8.744396E-01
716,3.897261E+00,2.456515E+01,4.180020E+01,7.476745E-01
717,1.009136E+01,1.393633E+01,4.370038E+01,8.063916E-01
718,6.071778E+00,1.232265E+01,2.615968E+01,1.123484E+00
719,3.137819E+00,2.446710E+01,1.370836E+01,7.906755E-01
720,2.624575E+00,6.456868E+00,4.330253E+01,8.204523E-01
721,1.017920E+01,1.131386E+01,7.301521E-01,7.981647E-01
722,1.292338E+01,3.510682E+00,4.510756E+01,9.318998E-01
723,1.035374E+01,2.484918E+01,4.097391E+01,8.207052E-01
724,4.388937E+00,6.143292E+00,2.000970E+01,6.256206E-01
725,2.689841E+00,1.906119E+01,4.378817E+01,7.337841E-01
726,8.561929E+00,4.929507E+00,1.980606E+00,7.263541E-01
727,7.687276E+00,1.225599E+01,1.058012E+01,1.180416E+00
728,4.875183E+00,1.434318E+01,3.353134E+01,1.072263E+00
729,6.313033E+00,2.573173E+01,2.449030E+00,1.019662E+00
730,8.717806E+00,2.409375E+01,1.253295E+01,7.990440E-01
731,2.830501E+00,2.019118E+01,2.576762E+01,7.455669E-01
732,1.314115E+01,1.560560E+01,4.892307E+01,7.986591E-01
733,1.617254E-01,4.093681E+00,3.625987E+01,7.073059E-01
734,5.515997E+00,2.214430E+01,2.272261E+01,1.561524E+00
735,9.443471E+00,1.499731E+01,6.352376E+00,5.419395E-01
736,9.509092E+00,1.871145E+01,6.130637E+00,1.014386E+00
737,7.442383E+00,8.891208E+00,2.430942E+01,6.715201E-01
738,5.599338E+00,2.775424E+00,8.371907E+00,8.738423E-01
739,1.149759E+00,5.097829E+00,4.516169E+01,7.174600E-01
740,3.247966E-01,1.143333E+01,4.243284E+01,6.877347E-01
741,1.327896E+00,6.032024E+00,3.853906E+01,6.935033E-01
742,8.576677E+00,1.491423E+01,9.093366E+00,1.323185E+00
743,1.052337E+01,3.745992E+00,7.141464E+00,8.682746E-01
744,1.053005E+01,9.780549E+00,1.656216E+01,7.539469E-01
745,3.690945E+00,8.608356E+00,1.804401E+01,1.012526E+00
746,9.223224E+00,6.364431E+00,1.723548E+01,8.964952E-01
747,1.028074E+01,2.418892E+01,3.246746E+01,1.050324E+00
748,1.392266E+00,1.434632E+01,3.325912E+01,5.953279E-01
749,4.159553E+00,2.193333E+01,4.143379E+01,9.571219E-01
750,7.619800E+00,3.841394E+00,3.694660E+01,1.062740E+00
751,1.185868E+01,6.625059E+00,5.079026E+01,6.173330E-01
752,1.021572E+01,7.955375E+00,3.267859E+01,9.885067E-01
753,4.077372E+00,2.634856E+00,4.366261E+01,1.305936E+00
754,8.818455E+00,1.626458E+01,7.532183E+00,8.914667E-01
755,4.998270E+00,2.322167E+01,8.651714E+00,1.074354E+00
756,6.344623E-01,5.063511E+00,1.325430E+01,1.038795E+00
757,1.037916E+01,1.716896E+01,9.188021E-01,7.638017E-01
758,2.289973E-01,1.501682E+01,3.355123E+01,9.023994E-01
759,1.661183E+00,1.617085E+01,1.273361E+01,6.305035E-01
760,4.459794E+00,1.082975E+01,6.155889E+00,8.087405E-01
761,1.275594E+01,2.579455E+01,2.357576E+01,9.490581E-01
762,3.410082E+00,2.539271E+01,4.333990E+01,1.051043E+00
763,9.592235E+00,1.223317E+01,2.175207E+01,8.993529E-01
764,1.032229E+01,1.376432E+01,3.499701E+01,1.050313E+00
765,7.499091E+00,1.886545E+01,4.985593E+00,6.992981E-01
766,5.001501E+00,4.426113E+00,1.282325E+01,8.743584E-01
767,2.659870E+00,1.333277E+01,1.006230E+00,8.982834E-01
768,1.276752E+01,1.374710E+01,2.785189E+00,1.351416E+00
769,9.033640E+00,7.122716E+00,5.656445E+00,8.526879E-01
770,1.099717E+01,5.242478E+00,5.549781E+00,8.001756E-01
771,7.537124E-01,1.929915E+01,3.471564E+01,8.986988E-01
772,1.085957E-01,5.866914E+00,3.733338E+01,7.285740E-01
773,2.015069E+00,1.527785E+01,1.129283E+01,9.337374E-01
774,5.950001E+00,2.297762E+01,1.603127E+01,8.244560E-01
775,9.085540E+00,1.160986E+01,5.094213E+00,5.997185E-01
776,4.776524E+00,2.228511E+01,5.155106E+01,8.828103E-01
777,1.119290E+01,4.297352E+00,1.830475E+01,8.332434E-01
778,1.100889E+01,1.467244E+01,4.112158E+01,6.213651E-01
779,1.030155E+01,1.883084E+00,1.814037E+01,8.811280E-01
780,6.344525E+00,2.503855E+01,4.758730E+01,1.247035E+00
781,5.602957E+00,2.534145E+00,2.143226E+01,1.004765E+00
782,7.097911E+00,2.395705E+01,1.562242E+01,1.025290E+00
783,4.090832E+00,1.661378E+01,2.676457E+01,6.630412E-01
784,2.594238E+00,3.833756E+00,2.593309E+01,9.948583E-01
785,1.032285E+01,2.063087E+01,5.169715E+01,9.245518E-01
786,5.069011E+00,1.038361E+01,9.639509E-02,1.006502E+00
787,1.099206E+01,1.712888E+01,4.078974E+01,9.828833E-01
788,6.233292E+00,2.437549E+01,1.542421E+00,6.603416E-01
789,1.526872E+00,9.960519E+00,4.508830E+00,8.862022E-01
790,1.164054E+00,1.501619E+01,1.144994E+01,7.552656E-01
791,8.298309E+00,2.461936E+01,4.364849E+01,8.844868E-01
792,3.290401E+00,2.375128E+00,5.034029E+01,7.321126E-01
793,1.317186E+01,9.920191E+00,2.440624E+01,1.198772E+00
794,1.924910E+00,1.881235E+01,2.234834E+01,7.384175E-01
795,1.063574E+01,1.529231E+01,2.266645E+00,7.318608E-01
796,4.436393E+00,2.141933E+01,3.645562E+01,9.094381E-01
797,8.377734E+00,1.781433E+01,3.205427E+01,7.033367E-01
798,8.491538E+00,1.643466E+01,2.826050E+01,8.135624E-01
799,1.003618E+01,9.787681E+00,2.517767E+01,7.432127E-01
800,5.317103E+00,5.541886E+00,1.705337E+01,1.225467E+00
801,7.286615E-01,8.623071E+00,2.069272E+01,1.065853E+00
802,1.236850E+00,5.839751E+00,1.322048E+01,8.830303E-01
803,3.012789E+00,9.277205E+00,7.675397E+00,8.196570E-01
804,9.688561E+00,9.076763E+00,6.482793E+00,1.103391E+00
805,7.862087E+00,4.758794E+00,3.075768E+00,9.790691E-01
806,2.162765E+00,1.112546E+01,3.674144E+01,9.995655E-01
807,8.496526E+00,1.379039E-01,4.202778E+01,8.892148E-01
808,4.446104E+00,1.800534E+01,1.730993E+00,6.136752E-01
809,5.215631E+00,5.194728E-01,4.324921E+01,8.722599E-01
810,2.476336E+00,1.786845E+01,1.467870E+01,7.942210E-01
811,1.792693E+00,2.464308E+01,3.152383E+01,1.032898E+00
812,1.179620E+01,8.121671E+00,4.396388E+01,1.120992E+00
813,1.247236E+01,1.046823E+01,4.790000E+01,7.722945E-01
814,4.438131E+00,8.598499E+00,5.275296E+01,9.929702E-01
815,1.261445E+01,6.055991E+00,4.435416E+01,1.317556E+00
816,4.535773E+00,2.593969E+01,4.502252E+01,7.706141E-01
817,1.198544E+01,1.519634E+01,1.558386E+01,1.301787E+00
818,2.616171E+00,1.398307E+01,3.557626E+01,7.394706E-01
819,9.824813E+00,4.513370E+00,2.839083E+01,8.990214E-01
820,5.776170E+00,5.515760E+00,2.929541E+01,8.922055E-01
821,3.654411E+00,1.417334E+01,1.060160E+01,8.967252E-01
822,1.191952E+01,8.956182E+00,3.233494E+01,7.419346E-01
823,1.614973E+00,1.668885E+01,1.441244E+01,7.838869E-01
824,1.266903E+01,1.044096E+01,3.217982E+01,7.706128E-01
825,2.858396E+00,2.282009E+01,4.261279E+01,9.621238E-01
826,3.253381E+00,2.413324E+01,2.127375E+00,9.627836E-01
827,9.967651E+00,1.212873E+01,4.426184E+01,1.469810E+00
828,6.165250E+00,1.737238E+00,1.200217E+01,1.214528E+00
829,1.317026E+01,8.852205E+00,8.492817E+00,7.982448E-01
830,1.067304E+01,1.193878E+00,3.518272E+00,9.616745E-01
831,3.940565E+00,1.255629E+00,5.275191E+01,1.117315E+00
832,9.153837E+00,1.376360E+01,4.265695E+01,9.005558E-01
833,8.774479E+00,4.589706E+00,1.163599E+01,8.806352E-01
834,1.149240E+01,8.925944E+00,2.371556E+01,9.047803E-01
835,5.180499E+00,1.378245E+00,3.732764E+01,1.085407E+00
836,7.153152E+00,1.791063E+01,1.474043E+01,7.401747E-01
837,5.389477E+00,5.103200E+00,2.223438E+01,8.317338E-01
838,8.655337E+00,2.502436E+01,3.514933E+01,9.934241E-01
839,6.955615E+00,1.102937E+01,5.591921E+00,9.587985E-01
840,6.318735E+00,4.108739E+00,3.084372E+01,9.435457E-01
841,9.671948E+00,2.507222E+01,1.572698E+01,8.235833E-01
842,5.256919E+00,4.846309E+00,4.651245E+01,1.111203E+00
843,1.091471E+01,2.052832E+01,3.035171E+00,1.439919E+00
844,7.373616E+00,6.225397E+00,6.340807E+00,9.793338E-01
845,1.035228E+01,5.604689E+00,2.653252E+01,8.566911E-01
846,6.968020E+00,5.649738E+00,2.607953E+01,1.058727E+00
847,6.995869E-01,1.919156E-03,4.663861E+01,7.930447E-01
848,5.504373E+00,2.403712E+01,2.629389E+01,7.566456E-01
849,5.709926E+00,7.838571E+00,4.327802E+00,9.009994E-01
850,4.101832E+00,1.611809E+01,4.041169E+01,5.026274E-01
851,7.163105E+00,2.008583E+01,8.357528E+00,6.913781E-01
852,7.724873E+00,2.337974E+01,1.154732E+01,8.276067E-01
853,3.015421E+00,1.982562E+01,4.302199E+01,6.612841E-01
854,3.285314E+00,8.783126E+00,3.347054E+01,7.103486E-01
855,5.277133E+00,1.652975E+01,2.630039E+01,8.113714E-01
856,1.024683E+01,2.240719E+01,4.576474E+01,6.199051E-01
857,8.099503E+00,1.622706E+01,2.382186E+01,8.169445E-01
858,3.657414E-01,7.925141E+00,3.374644E+00,7.937285E-01
859,5.798361E+00,2.250246E+01,3.161800E+01,8.995121E-01
860,8.947268E+00,4.980241E+00,1.387803E+01,1.157170E+00
861,2.160646E+00,2.232242E+01,1.485072E+01,9.295278E-01
862,7.447877E+00,3.738429E+00,6.568814E+00,8.986408E-01
863,4.603659E+00,8.750897E+00,1.742233E+01,9.144988E-01
864,7.959211E+00,8.370428E+00,4.072689E+01,9.409827E-01
865,1.200913E+00,8.603422E+00,3.545321E+01,7.128741E-01
866,7.985692E+00,3.165912E+00,2.328289E+01,8.718105E-01
867,4.095564E+00,1.673795E+01,6.880403E+00,9.582219E-01
868,8.881485E+00,1.228670E+01,1.456341E+01,6.587257E-01
869,9.899717E+00,4.977642E+00,8.065420E+00,1.085014E+00
870,2.033857E-01,2.281543E+01,2.608506E+01,1.138521E+00
871,6.843775E+00,3.040007E+00,5.709877E+00,7.768879E-01
872,4.420881E+00,1.367470E+01,3.713154E+01,8.475336E-01
873,6.612716E+00,2.202759E+01,1.999388E+01,7.352577E-01
874,3.720187E-01,1.128857E+01,4.503358E+00,1.045495E+00
875,4.265534E+00,2.609628E+01,4.542181E+01,7.058329E-01
876,3.131799E+00,9.959065E+00,2.284272E+01,8.511081E-01
877,1.011725E+01,8.862633E-01,2.046197E+00,7.384261E-01
878,1.551198E+00,1.664403E+01,2.196228E+01,9.046550E-01
879,1.124382E+01,7.524558E+00,2.592010E+01,5.993303E-01
880,9.361208E+00,1.444212E+01,1.678376E+01,1.202520E+00
881,2.020392E+00,1.432033E+01,7.531315E+00,7.212154E-01
882,1.244086E+01,1.430144E+01,9.266846E+00,9.064616E-01
883,9.544738E+00,2.742916E+00,4.088100E+01,8.530007E-01
884,6.056685E+00,3.514152E+00,1.971405E+00,7.545508E-01
885,1.315705E+01,7.267885E+00,5.044922E+01,7.336860E-01
886,6.646702E+00,1.332464E+01,4.824787E+00,1.102279E+00
887,1.259187E+01,1.941406E+01,2.748170E+01,7.954358E-01
888,1.592777E+00,4.653588E+00,2.289577E+01,9.502199E-01
889,4.798031E+00,1.478481E+01,4.044631E+00,7.479489E-01
890,5.343734E-01,1.353888E+01,1.509976E+00,7.741527E-01
891,7.887514E-01,9.969105E+00,3.272996E+00,9.938263E-01
892,5.105453E+00,6.403856E+00,9.947891E+00,1.100806E+00
893,5.359888E+00,3.176197E+00,1.852356E+01,8.601121E-01
894,5.759797E+00,2.198638E+01,4.941918E+01,6.512485E-01
895,4.083869E+00,7.751948E+00,3.001360E+01,1.396905E+00
896,1.820021E+00,9.263708E+00,2.819353E+00,7.388168E-01
897,5.020667E+00,3.023815E+00,2.976431E+01,6.340883E-01
898,8.497756E+00,2.614758E+01,1.033826E+01,1.595772E+00
899,2.744343E+00,2.509669E+01,4.580784E+01,8.173164E-01
900,8.159489E+00,2.228848E+01,1.110929E+01,6.454884E-01
901,1.157630E+01,2.297456E+01,1.314475E+01,7.679144E-01
902,6.733283E+00,2.462928E+01,3.598072E+01,9.708760E-01
903,8.748418E+00,1.482790E+01,1.424244E+01,9.332287E-01
904,1.295888E+01,1.185432E+01,1.650033E+01,7.396119E-01
905,9.649877E+00,1.609781E+01,1.813162E+01,1.343338E+00
906,4.023647E+00,5.682179E+00,4.158136E+00,7.961570E-01
907,8.287391E+00,1.339558E+01,1.244204E+01,6.866525E-01
908,7.301112E-01,5.006803E-01,3.912481E+01,1.108271E+00
909,2.493368E+00,7.063262E+00,7.476505E-01,1.203218E+00
910,1.995178E+00,2.316365E+01,1.282415E+01,7.452839E-01
911,1.263495E+01,4.353469E+00,1.341755E+01,6.542450E-01
912,1.149261E+01,1.130065E+01,1.418932E+01,1.125654E+00
913,9.176153E+00,1.357016E+00,4.718341E+01,5.664203E-01
914,1.114628E+01,2.272722E+00,4.231006E+01,6.802571E-01
915,1.273047E+01,1.303469E+01,3.010022E+01,1.109942E+00
916,9.003745E+00,7.065469E+00,3.441843E+01,8.834476E-01
917,6.289506E+00,1.074261E+01,4.782956E+01,8.432703E-01
918,1.056804E+01,2.475731E+01,4.432501E+01,9.676905E-01
919,5.537714E-01,1.606667E+01,3.696013E+01,8.644495E-01
920,8.805878E+00,7.203996E+00,2.254949E+01,6.694055E-01
921,5.169316E-01,2.492508E+00,2.969538E+01,1.189076E+00
922,7.713905E+00,5.330468E+00,2.374535E+01,1.202132E+00
923,6.252550E+00,3.003058E-01,7.550615E+00,9.363620E-01
924,8.268705E+00,2.629933E+01,3.445713E+01,9.034808E-01
925,1.592241E+00,2.175956E+01,2.286246E+01,1.507572E+00
926,1.108589E+00,1.588907E+01,1.208166E+01,8.409223E-01
927,5.520175E+00,8.431462E+00,3.405779E+01,8.440912E-01
928,5.708951E+00,2.754436E+00,1.142629E+01,9.702125E-01
929,6.628278E+00,2.090511E+01,5.161889E-01,1.242026E+00
930,8.111453E+00,3.069652E+00,3.200196E+01,1.276146E+00
931,1.108332E+01,6.052404E+00,2.625190E+01,8.442804E-01
932,1.025215E+01,4.650963E+00,8.082543E+00,9.581321E-01
933,1.198712E+01,1.840086E+01,3.902295E+01,6.576501E-01
934,1.117816E+01,1.428913E+01,2.587526E+01,8.342791E-01
935,7.367496E+00,1.899346E+01,2.071148E+01,7.415022E-01
936,1.260481E+00,3.591897E+00,5.159645E+01,7.144518E-01
937,6.849881E-01,1.885046E+01,4.999534E+01,1.301687E+00
938,1.712012E+00,1.913244E+01,1.602386E+01,7.494877E-01
939,3.138545E+00,2.258557E+01,4.817669E+01,7.943777E-01
940,4.596601E+00,1.675853E+01,9.321008E+00,9.705086E-01
941,1.046017E+01,2.334362E+01,1.688296E+01,1.194861E+00
942,8.648392E+00,2.321589E+01,8.145478E-01,9.957948E-01
943,1.133401E+01,1.515504E+01,2.193414E+01,1.655595E+00
944,6.921922E+00,2.182901E+01,3.825773E+01,8.796480E-01
945,6.639133E+00,1.291768E+01,4.764181E+01,9.475829E-01
946,3.077317E+00,2.535092E+00,3.595360E+01,9.511597E-01
947,9.300626E+00,1.505627E+01,1.390893E+01,1.232014E+00
948,3.919828E+00,1.634518E+01,1.446107E+01,1.001617E+00
949,6.617363E+00,8.796491E+00,2.704253E+01,8.715277E-01
950,3.037870E+00,5.246527E+00,3.888653E+01,7.239755E-01
951,5.108869E+00,6.160567E+00,4.547829E+01,9.445697E-01
952,5.320427E+00,3.069345E+00,3.751170E+01,1.222783E+00
953,3.708162E+00,1.497300E+01,3.304266E+01,8.161592E-01
954,1.274907E+01,5.062179E+00,1.505516E+01,1.006479E+00
955,1.234703E+01,1.902724E+01,2.380513E+01,9.449290E-01
956,9.731898E+00,1.095037E+01,2.172414E+01,1.084498E+00
957,2.071703E+00,1.382881E+01,1.391571E+01,7.474055E-01
958,8.391794E+00,1.055889E+01,4.522932E+01,1.509936E+00
959,1.021651E+01,3.918681E+00,3.131549E+01,6.723284E-01
960,9.453324E+00,1.362729E+01,6.036818E+00,8.243648E-01
961,6.665391E+00,1.146729E+01,1.725816E+01,1.102695E+00
962,7.715544E+00,8.605713E+00,1.247957E+01,9.556556E-01
963,9.746836E+00,5.652096E+00,4.266340E+01,1.076413E+00
964,1.296875E+01,1.168820E+01,4.303977E+01,8.006961E-01
965,2.229990E+00,2.112019E+01,5.099059E+01,8.796211E-01
966,6.847851E+00,6.773895E+00,8.520422E+00,8.968719E-01
967,1.214050E+01,8.597771E+00,2.633078E+01,1.269469E+00
968,5.740697E+00,1.152865E+01,4.054265E+01,1.043409E+00
969,1.238595E+01,1.686786E+01,5.070827E+01,1.068441E+00
970,2.522394E+00,1.493843E+01,3.631750E+01,7.722988E-01
971,9.469690E+00,2.002204E+01,1.764997E+01,1.110298E+00
972,1.168446E+01,3.488817E+00,1.475656E+01,9.406025E-01
973,6.208005E+00,1.568175E+01,1.564387E+01,1.219459E+00
974,1.202393E+01,1.196921E+01,5.315776E+00,1.401934E+00
975,1.084814E+01,2.557441E+01,1.834811E+01,8.352497E-01
976,7.346122E+00,1.544526E+01,4.246911E+01,8.169024E-01
977,2.011062E+00,2.228442E+01,3.823018E+01,7.375821E-01
978,4.625083E-01,1.501731E+01,1.485202E+00,8.662250E-01
979,6.575228E+00,1.587817E+01,3.363532E+01,8.213399E-01
980,1.227629E+01,7.868898E+00,4.474429E+01,9.691356E-01
981,5.989562E+00,1.766692E+01,4.280407E+01,8.660342E-01
982,9.589752E+00,2.107243E+01,3.369835E+01,8.250920E-01
983,1.060615E+01,2.407933E+01,4.791525E+01,1.134263E+00
984,4.342801E+00,2.574710E+01,3.055142E+00,7.255294E-01
985,8.164106E+00,1.311826E+01,1.221040E+01,9.851843E-01
986,7.087908E+00,1.747107E+00,2.933525E+01,8.169682E-01
987,1.131719E+01,3.734292E+00,1.723685E+01,1.051341E+00
988,8.359077E+00,9.517719E+00,2.198646E+01,1.218402E+00
989,4.482701E+00,1.278569E+01,1.977156E+01,8.359335E-01
990,1.910535E+00,5.266456E+00,4.198409E+00,9.869281E-01
991,6.194006E+00,2.239435E+01,4.797310E+00,9.308331E-01
992,8.724662E+00,1.113151E+01,4.616493E+01,7.482952E-01
993,4.812001E+00,1.839547E+01,2.114458E+01,9.437994E-01
994,7.177977E+00,2.052794E+01,5.127614E+01,9.540336E-01
995,1.786552E+00,1.401553E+01,7.007466E+00,9.807455E-01
996,4.040145E-01,1.981285E+01,5.209277E+01,8.556933E-01
997,7.885974E+00,1.918706E+00,3.270289E+00,9.134256E-01
998,4.166105E+00,1.008944E+01,2.048426E-01,6.923569E-01
999,1.116113E+01,1.241245E+01,5.275164E+01,8.257340E-01
